[0.00049424171447753906,
 0.000469207763671875,
 0.00036144256591796875,
 0.00047421455383300781,
 0.00047016143798828125,
 0.00047922134399414062,
 0.00047612190246582031,
 0.0004405975341796875,
 0.00049161911010742188,
 0.00047230720520019531,
 0.00048017501831054688,
 0.00047349929809570312,
 0.00047039985656738281,
 0.00047063827514648438,
 0.00046849250793457031,
 0.00049686431884765625,
 0.00047612190246582031,
 0.00048613548278808594,
 0.00047063827514648438,
 0.00047969818115234375,
 0.0033490657806396484,
 0.0030519962310791016,
 0.0033745765686035156,
 0.0033829212188720703,
 0.0034716129302978516,
 0.0034306049346923828,
 0.0033738613128662109,
 0.0019495487213134766,
 0.0033526420593261719,
 0.0034394264221191406,
 0.0034925937652587891,
 0.003421783447265625,
 0.0034589767456054688,
 0.0034184455871582031,
 0.0034132003784179688,
 0.0033986568450927734,
 0.0034637451171875,
 0.0034112930297851562,
 0.0034711360931396484,
 0.0034437179565429688,
 0.028355598449707031,
 0.027161359786987305,
 0.028365612030029297,
 0.027869462966918945,
 0.027886390686035156,
 0.027435779571533203,
 0.028187036514282227,
 0.027895450592041016,
 0.028150558471679688,
 0.02777552604675293,
 0.028311729431152344,
 0.028358936309814453,
 0.027489185333251953,
 0.024486064910888672,
 0.027942657470703125,
 0.027804136276245117,
 0.028062582015991211,
 0.028434276580810547,
 0.029101848602294922,
 0.028523921966552734,
 0.33024191856384277,
 0.33592009544372559,
 0.33451604843139648,
 0.32173633575439453,
 0.32305431365966797,
 0.32760357856750488,
 0.32605981826782227,
 0.33020973205566406,
 0.32942914962768555,
 0.33602380752563477,
 0.33021378517150879,
 0.33079886436462402,
 0.32999491691589355,
 0.33330321311950684,
 0.32903003692626953,
 0.32387304306030273,
 0.3181605339050293,
 0.32804203033447266,
 0.32757353782653809,
 0.33028769493103027,
 5.2096498012542725,
 5.1550912857055664]
