[0.0014393329620361328,
 0.00076007843017578125,
 0.00010180473327636719,
 0.00021648406982421875,
 0.00053238868713378906,
 0.0011525154113769531,
 0.00020384788513183594,
 0.00036859512329101562,
 0.00037527084350585938,
 0.00053834915161132812,
 0.0015311241149902344,
 0.00045514106750488281,
 0.00029778480529785156,
 0.00062346458435058594,
 0.00055193901062011719,
 0.00055265426635742188,
 0.00049877166748046875,
 0.00073552131652832031,
 0.00080323219299316406,
 0.000301361083984375,
 0.0050473213195800781,
 0.00053000450134277344,
 0.0011353492736816406,
 0.0014958381652832031,
 0.0054292678833007812,
 0.0021646022796630859,
 0.0037469863891601562,
 0.0001430511474609375,
 0.0018713474273681641,
 0.0014300346374511719,
 0.0028100013732910156,
 0.00082230567932128906,
 0.0013391971588134766,
 0.0031540393829345703,
 0.0010533332824707031,
 0.0029885768890380859,
 0.0019676685333251953,
 0.0015573501586914062,
 0.0010254383087158203,
 0.0012042522430419922,
 0.021589040756225586,
 0.0029618740081787109,
 0.0080742835998535156,
 0.016461849212646484,
 0.010215044021606445,
 0.0089421272277832031,
 0.0073766708374023438,
 0.0040109157562255859,
 0.033102035522460938,
 0.023174047470092773,
 0.0062098503112792969,
 0.0041875839233398438,
 0.0071010589599609375,
 0.0011610984802246094,
 0.0081756114959716797,
 0.012823104858398438,
 0.0036191940307617188,
 0.0029242038726806641,
 0.0064799785614013672,
 0.0077176094055175781,
 0.020344734191894531,
 0.0079793930053710938,
 0.072702407836914062,
 0.041440486907958984,
 0.018213510513305664,
 0.019363880157470703,
 0.037882328033447266,
 0.15562176704406738,
 0.080544471740722656,
 0.023112297058105469,
 0.10245633125305176,
 0.027690649032592773,
 0.021320343017578125,
 0.022790670394897461,
 0.037615537643432617,
 0.048797845840454102,
 0.023531675338745117,
 0.075221538543701172,
 0.041002035140991211,
 0.04210972785949707,
 0.35970425605773926,
 0.17605137825012207,
 0.069850683212280273,
 1.0192861557006836,
 0.22900247573852539,
 0.18445110321044922,
 0.034771919250488281,
 0.1324918270111084,
 0.016577720642089844,
 0.070538520812988281,
 0.089169502258300781,
 0.028935909271240234,
 0.1041712760925293,
 1.1943626403808594,
 0.23361968994140625,
 0.013420820236206055,
 0.54789590835571289,
 0.21463131904602051,
 0.19480657577514648,
 0.11323857307434082,
 5.41591477394104,
 0.81059837341308594,
 1.026710033416748,
 2.3593230247497559,
 1.2034058570861816,
 0.85069108009338379,
 1.0440695285797119,
 3.5347824096679688,
 0.12469172477722168,
 1.1993200778961182,
 1.3282938003540039,
 6.592984676361084,
 0.44396281242370605,
 2.0771543979644775,
 0.74326634407043457,
 1.7599809169769287,
 1.5176775455474854,
 1.2169449329376221,
 0.083318710327148438,
 3.1091408729553223,
 9.0723943710327148,
 6.1885275840759277,
 9.7908632755279541,
 4.2524776458740234,
 2.052340030670166,
 13.000813484191895,
 0.24165105819702148,
 4.0585644245147705,
 2.5955581665039062,
 9.7367548942565918,
 3.6521940231323242,
 9.1674580574035645,
 22.314508676528931]
