[10,
 9,
 5,
 7,
 8,
 11,
 7,
 7,
 9,
 9,
 10,
 9,
 10,
 10,
 9,
 9,
 9,
 10,
 9,
 9,
 13,
 8,
 12,
 11,
 13,
 13,
 13,
 5,
 13,
 12,
 13,
 12,
 12,
 12,
 13,
 13,
 12,
 11,
 12,
 11,
 16,
 12,
 15,
 15,
 14,
 13,
 14,
 15,
 16,
 15,
 14,
 15,
 13,
 10,
 14,
 15,
 14,
 14,
 15,
 15,
 16,
 15,
 17,
 17,
 16,
 16,
 17,
 19,
 17,
 16,
 18,
 17,
 17,
 17,
 17,
 16,
 15,
 16,
 18,
 17,
 19,
 20,
 18,
 21,
 20,
 20,
 17,
 18,
 14,
 18,
 20,
 17,
 20,
 21,
 21,
 15,
 19,
 20,
 18,
 20,
 23,
 21,
 22,
 23,
 22,
 22]
