[0.026301860809326172,
 0.014780998229980469,
 0.0012688636779785156,
 0.0033879280090332031,
 0.0090138912200927734,
 0.023666858673095703,
 0.0045008659362792969,
 0.0061810016632080078,
 0.0062360763549804688,
 0.0096421241760253906,
 0.032134056091308594,
 0.0082609653472900391,
 0.0044910907745361328,
 0.012565135955810547,
 0.0095129013061523438,
 0.0097539424896240234,
 0.0092840194702148438,
 0.015305042266845703,
 0.015767097473144531,
 0.0045950412750244141,
 0.13156604766845703,
 0.0075850486755371094,
 0.021271944046020508,
 0.028849124908447266,
 0.13724279403686523,
 0.042035102844238281,
 0.078134059906005859,
 0.0015909671783447266,
 0.036391019821166992,
 0.025681972503662109,
 0.057356119155883789,
 0.01491093635559082,
 0.025039911270141602,
 0.068465232849121094,
 0.0211029052734375,
 0.060245990753173828,
 0.037601947784423828,
 0.02685999870300293,
 0.019425868988037109,
 0.021654129028320312,
 0.54302215576171875,
 0.053785085678100586,
 0.18732500076293945,
 0.42611885070800781,
 0.21758198738098145,
 0.20271706581115723,
 0.15891790390014648,
 0.078968048095703125,
 1.0506460666656494,
 0.65691804885864258,
 0.12220191955566406,
 0.083627939224243164,
 0.15501308441162109,
 0.016577005386352539,
 0.18211507797241211,
 0.28124403953552246,
 0.069956064224243164,
 0.055031061172485352,
 0.13251185417175293,
 0.15938997268676758,
 0.44667410850524902,
 0.15938901901245117,
 2.348858118057251,
 1.1598160266876221,
 0.41382884979248047,
 0.41889715194702148,
 0.94494795799255371,
 6.0128738880157471,
 2.329416036605835,
 0.54423713684082031,
 3.5279011726379395,
 0.65269899368286133,
 0.49944400787353516,
 0.53139686584472656,
 1.0578320026397705,
 1.2405300140380859,
 0.53645896911621094,
 2.3860909938812256,
 1.1023809909820557,
 1.0609409809112549,
 16.357143878936768,
 5.7698700428009033,
 1.8319649696350098,
 127.33756303787231,
 9.34427809715271,
 7.0442299842834473,
 0.93161988258361816,
 4.2485640048980713,
 0.30855703353881836,
 1.8916540145874023,
 2.5064370632171631,
 0.75142908096313477,
 3.3487868309020996,
 135.82785201072693,
 9.8603041172027588,
 0.24605989456176758,
 38.844915866851807,
 9.9645240306854248,
 6.6410629749298096,
 3.7747488021850586,
 1511.1585948467255,
 52.517269849777222,
 76.945108890533447,
 349.41409111022949,
 97.336364030838013,
 51.442614078521729,
 91.174808025360107,
 573.84446096420288,
 6.5259249210357666,
 116.00576400756836,
 128.94886803627014,
 1783.3992030620575,
 31.391837120056152,
 222.88190698623657,
 45.898649930953979,
 225.685879945755,
 270.01698708534241,
 118.3387930393219,
 2.0822911262512207,
 547.99411201477051,
 1911.2043800354004,
 2776.8362438678741,
 2829.6475121974945,
 630.08902215957642,
 166.4870080947876,
 9073.4803900718689,
 13.051090955734253,
 1274.1641359329224,
 368.27240896224976,
 6120.9454710483551,
 1249.7518301010132,
 2902.598406791687,
 21273.104872941971]
