[172,
 114,
 15,
 34,
 64,
 178,
 30,
 63,
 60,
 67,
 218,
 76,
 42,
 109,
 65,
 78,
 85,
 128,
 116,
 38,
 792,
 69,
 171,
 226,
 795,
 305,
 514,
 15,
 270,
 187,
 401,
 115,
 186,
 442,
 148,
 426,
 298,
 247,
 146,
 141,
 2860,
 431,
 977,
 2365,
 1302,
 1303,
 955,
 502,
 4666,
 3129,
 912,
 595,
 1098,
 161,
 1259,
 1878,
 494,
 412,
 906,
 1062,
 2908,
 1084,
 11252,
 6207,
 2085,
 2292,
 4647,
 19405,
 9782,
 2747,
 12418,
 3050,
 2506,
 2576,
 4267,
 6446,
 3099,
 10378,
 4986,
 5021,
 39099,
 22130,
 8624,
 98050,
 28437,
 20243,
 3808,
 17086,
 1915,
 7306,
 9421,
 3276,
 10554,
 122539,
 25924,
 1477,
 71239,
 22151,
 23923,
 11359,
 464518,
 80521,
 108530,
 237411,
 130883,
 88772,
 101628,
 361263,
 11764,
 110394,
 138385,
 583489,
 40743,
 243021,
 78789,
 170585,
 120390,
 118548,
 8904,
 287489,
 808931,
 421713,
 764104,
 441701,
 207912,
 789705,
 21837,
 280463,
 207700,
 631941,
 294377,
 965180,
 1589719]
