[0.0003063678741455078,
 0.00018405914306640625,
 9.393692016601562e-05,
 0.0001800060272216797,
 0.00013017654418945312,
 0.0002110004425048828,
 0.0001480579376220703,
 0.00023126602172851562,
 0.0002739429473876953,
 0.00012254714965820312,
 0.00028705596923828125,
 0.00033092498779296875,
 0.00019931793212890625,
 0.0004417896270751953,
 0.0003209114074707031,
 0.0003662109375,
 0.0004775524139404297,
 0.00020051002502441406,
 0.0003407001495361328,
 0.00028228759765625,
 0.0005447864532470703,
 0.00028634071350097656,
 0.0006384849548339844,
 0.00022101402282714844,
 0.0009253025054931641,
 0.0005581378936767578,
 0.0008325576782226562,
 9.703636169433594e-05,
 0.0006566047668457031,
 0.0009465217590332031,
 0.0009765625,
 0.0009171962738037109,
 0.0002970695495605469,
 0.00038743019104003906,
 0.0006906986236572266,
 0.0001780986785888672,
 0.0002484321594238281,
 0.00028824806213378906,
 0.00021219253540039062,
 0.0004074573516845703,
 0.0012333393096923828,
 0.00041961669921875,
 0.0008170604705810547,
 0.0014221668243408203,
 0.0006175041198730469,
 0.0005390644073486328,
 0.001833200454711914,
 0.0016646385192871094,
 0.0011091232299804688,
 0.000997304916381836,
 0.0006227493286132812,
 0.0007300376892089844,
 0.003298044204711914,
 0.0007669925689697266,
 0.0021953582763671875,
 0.0005276203155517578,
 0.0016150474548339844,
 0.0019237995147705078,
 0.0015149116516113281,
 0.0013051033020019531,
 0.0005779266357421875,
 0.001142740249633789,
 0.0023696422576904297,
 0.0019197463989257812,
 0.0036115646362304688,
 0.0031087398529052734,
 0.002240896224975586,
 0.0019190311431884766,
 0.0018787384033203125,
 0.0004570484161376953,
 0.001161336898803711,
 0.009170770645141602,
 0.0004563331604003906,
 0.0012786388397216797,
 0.0017096996307373047,
 0.000982046127319336,
 0.0014576911926269531,
 0.0016374588012695312,
 0.0017981529235839844,
 0.0004749298095703125,
 0.002638578414916992,
 0.007634401321411133,
 0.0006458759307861328,
 0.007397890090942383,
 0.017623186111450195,
 0.0006630420684814453,
 0.003825664520263672,
 0.008250713348388672,
 0.0007014274597167969,
 0.005368709564208984,
 0.0027801990509033203,
 0.0004961490631103516,
 0.004046440124511719,
 0.0012164115905761719,
 0.002254486083984375,
 0.0019826889038085938,
 0.0015749931335449219,
 0.011305570602416992,
 0.0008084774017333984,
 0.00333404541015625,
 0.004182100296020508,
 0.0006392002105712891,
 0.006980180740356445,
 0.0022125244140625,
 0.0042073726654052734,
 0.0008392333984375,
 0.003023862838745117,
 0.004136323928833008,
 0.0011446475982666016,
 0.0009918212890625,
 0.0036079883575439453,
 0.01607990264892578,
 0.002699613571166992,
 0.001964569091796875,
 0.007404327392578125,
 0.002789735794067383,
 0.002995729446411133,
 0.002232789993286133,
 0.006575345993041992,
 0.007451772689819336,
 0.011982917785644531,
 0.021937847137451172,
 0.08299422264099121,
 0.050223588943481445,
 0.0009191036224365234,
 0.03268146514892578,
 0.0022857189178466797,
 0.01280832290649414,
 0.02759552001953125,
 0.019603729248046875,
 0.002579927444458008,
 0.049456119537353516,
 0.01886439323425293,
 0.002735137939453125,
 0.009165048599243164,
 0.0663907527923584,
 0.0159146785736084,
 0.006026029586791992,
 0.008287906646728516,
 0.03447294235229492]
