[0.09118509292602539,
 0.00441288948059082,
 0.002933979034423828,
 0.006704092025756836,
 0.007090091705322266,
 0.00356292724609375,
 0.008797883987426758,
 0.0027649402618408203,
 0.013156890869140625,
 0.002229928970336914,
 0.14374804496765137,
 0.11561703681945801,
 0.02919793128967285,
 0.07340097427368164,
 0.01098489761352539,
 0.020456790924072266,
 0.027139902114868164,
 0.00398707389831543,
 0.06889700889587402,
 0.010864019393920898,
 0.012794971466064453,
 0.0070781707763671875,
 1.886686086654663,
 0.0036721229553222656,
 0.13471698760986328,
 0.006700992584228516,
 0.015353918075561523,
 0.002824068069458008,
 0.0032389163970947266,
 2.1513328552246094,
 0.0063741207122802734,
 0.665057897567749,
 0.00424504280090332,
 0.009903907775878906,
 0.0070018768310546875,
 0.0038518905639648438,
 0.005259990692138672,
 0.016488075256347656,
 0.004422903060913086,
 0.12619900703430176,
 0.05635809898376465,
 0.01594686508178711,
 0.006582975387573242,
 0.21520113945007324,
 0.11162209510803223,
 0.03102707862854004,
 15.608973026275635,
 3.034364938735962,
 0.51596999168396,
 0.020215988159179688,
 0.013164043426513672,
 0.006825923919677734,
 59.41140294075012,
 0.07053089141845703,
 0.06153678894042969,
 0.010205984115600586,
 0.5094561576843262,
 0.010008096694946289,
 0.43535399436950684,
 19.18592095375061,
 0.010816097259521484,
 0.06555008888244629,
 0.5729520320892334,
 0.10002303123474121,
 4.194905042648315,
 0.10018515586853027,
 0.03012704849243164,
 0.010478019714355469,
 0.029018878936767578,
 0.01831793785095215,
 0.17842602729797363,
 4.664495944976807,
 0.012591838836669922,
 0.012562990188598633,
 0.005853891372680664,
 0.344775915145874,
 0.11618995666503906,
 0.07083296775817871,
 0.07599020004272461,
 0.006760120391845703,
 0.036971092224121094,
 72.61750984191895,
 0.17647814750671387,
 0.025593042373657227,
 3.790919065475464,
 0.017852067947387695,
 0.06340384483337402,
 1.580869197845459,
 0.005716085433959961,
 5.734829902648926,
 0.20645618438720703,
 0.012628793716430664,
 0.02045917510986328,
 0.0832209587097168,
 0.08855485916137695,
 0.04016613960266113,
 0.2884669303894043,
 4.7642600536346436,
 0.01925206184387207,
 0.13764190673828125,
 28.844033002853394,
 0.05061984062194824,
 0.25304102897644043,
 0.09306216239929199,
 0.6278760433197021,
 0.6861128807067871,
 3.9229249954223633,
 0.710716962814331,
 0.124237060546875,
 0.24935507774353027,
 3.9529900550842285,
 2.637270927429199,
 0.02094101905822754,
 5.068088054656982,
 0.06253910064697266,
 0.5282628536224365,
 0.01859307289123535,
 0.5822460651397705,
 1.7936789989471436,
 0.7242081165313721,
 0.6693329811096191,
 3.9751760959625244,
 68.57918000221252,
 72.9077889919281,
 10.003835916519165,
 8.76974892616272,
 2.484081983566284,
 2.5330240726470947,
 38.81627893447876,
 0.1794569492340088,
 0.13952302932739258,
 27.655623197555542,
 369.59787702560425,
 24.564939975738525,
 0.5881950855255127,
 1.773042917251587,
 2.3807241916656494,
 23.02419400215149,
 7.989929914474487,
 71.38242387771606]
