[0.0052700042724609375,
 0.0034499168395996094,
 0.0013568401336669922,
 0.003592967987060547,
 0.002149820327758789,
 0.0039141178131103516,
 0.0025641918182373047,
 0.0037870407104492188,
 0.004855155944824219,
 0.0019350051879882812,
 0.005610942840576172,
 0.006865978240966797,
 0.0034949779510498047,
 0.009037017822265625,
 0.005703926086425781,
 0.007884979248046875,
 0.009546995162963867,
 0.003923892974853516,
 0.0069789886474609375,
 0.0044689178466796875,
 0.010131120681762695,
 0.004554033279418945,
 0.011472940444946289,
 0.003749847412109375,
 0.021200895309448242,
 0.010268926620483398,
 0.016974210739135742,
 0.001194000244140625,
 0.010617971420288086,
 0.018046140670776367,
 0.02057194709777832,
 0.018218994140625,
 0.0055921077728271484,
 0.007058143615722656,
 0.01261591911315918,
 0.003092050552368164,
 0.0047800540924072266,
 0.004379987716674805,
 0.0037369728088378906,
 0.0076999664306640625,
 0.025996923446655273,
 0.0066089630126953125,
 0.014353036880493164,
 0.030426025390625,
 0.009627103805541992,
 0.00950002670288086,
 0.03780198097229004,
 0.03660011291503906,
 0.019624948501586914,
 0.022571086883544922,
 0.01110219955444336,
 0.012174129486083984,
 0.07186007499694824,
 0.013062000274658203,
 0.049859046936035156,
 0.00889897346496582,
 0.03394484519958496,
 0.04561185836791992,
 0.02802586555480957,
 0.027673959732055664,
 0.010017871856689453,
 0.018270015716552734,
 0.053967952728271484,
 0.042556047439575195,
 0.07145905494689941,
 0.07833695411682129,
 0.0399930477142334,
 0.03326582908630371,
 0.03330707550048828,
 0.0072269439697265625,
 0.032032012939453125,
 0.2357769012451172,
 0.007180929183959961,
 0.024456024169921875,
 0.03332209587097168,
 0.01848602294921875,
 0.026082992553710938,
 0.030840158462524414,
 0.03395986557006836,
 0.0077059268951416016,
 0.05037999153137207,
 0.16303706169128418,
 0.012314081192016602,
 0.19819307327270508,
 0.6137979030609131,
 0.01046609878540039,
 0.07113504409790039,
 0.24823784828186035,
 0.009625911712646484,
 0.11749601364135742,
 0.09892916679382324,
 0.007962942123413086,
 0.09329700469970703,
 0.02236199378967285,
 0.04241800308227539,
 0.030807971954345703,
 0.029247045516967773,
 0.2986149787902832,
 0.013469934463500977,
 0.06428909301757812,
 0.08379483222961426,
 0.010221004486083984,
 0.20482683181762695,
 0.03652000427246094,
 0.1260850429534912,
 0.01580500602722168,
 0.0730440616607666,
 0.10890388488769531,
 0.018732070922851562,
 0.019585847854614258,
 0.06300806999206543,
 0.6243691444396973,
 0.050688982009887695,
 0.047274112701416016,
 0.1649150848388672,
 0.053649187088012695,
 0.05798220634460449,
 0.04012799263000488,
 0.12651896476745605,
 0.14461922645568848,
 0.4129800796508789,
 0.6638269424438477,
 5.40463399887085,
 2.259672164916992,
 0.014055967330932617,
 1.116623878479004,
 0.037181854248046875,
 0.23780393600463867,
 1.0553548336029053,
 0.558250904083252,
 0.05097222328186035,
 2.7036921977996826,
 0.7699120044708252,
 0.05077695846557617,
 0.223358154296875,
 3.5070531368255615,
 0.5809988975524902,
 0.1333620548248291,
 0.1852569580078125,
 1.411747932434082]
