[1453,
 715,
 119,
 469,
 1049,
 3251,
 409,
 133,
 569,
 127,
 1655,
 2713,
 1059,
 4501,
 405,
 1863,
 1339,
 2203,
 2533,
 555,
 1323,
 1105,
 12391,
 2729,
 102057,
 2951,
 16261,
 119,
 1347,
 13099,
 625,
 4987,
 1397,
 563,
 6827,
 227,
 3227,
 4419,
 599,
 2785,
 122669,
 979,
 5509,
 439953,
 12197,
 759,
 83665,
 28663,
 108869,
 28165,
 847,
 133,
 208383,
 4973,
 46539,
 3795,
 11097,
 2993,
 12407,
 76401,
 15809,
 6567,
 138305,
 275429,
 70821,
 140011,
 20079,
 6587,
 31299,
 30597,
 144659,
 886217,
 49281,
 5621,
 8727,
 8671,
 195779,
 341789,
 153759,
 739,
 180943,
 1044989,
 19625,
 114181,
 111767,
 35217,
 51867,
 564257,
 359,
 2086199,
 1593863,
 194071,
 1470783,
 6230545,
 689911,
 21877,
 1611635,
 42000003,
 1021519,
 2027345,
 42000003,
 6910371,
 42000001,
 1860017,
 1927719,
 404463,
 19659747,
 35958361,
 9917,
 21277047,
 1086207,
 42000003,
 327129,
 658373,
 611829,
 42000001,
 90167,
 2066521,
 411365,
 148199,
 10630839,
 42000005,
 42000003,
 42000001,
 42000001,
 42000001,
 430311,
 8520317,
 42000003,
 46513,
 42000003,
 42000003,
 42000005,
 42000003,
 42000001,
 42000003,
 42000001,
 42000003,
 42000005,
 42000001]
