[2297,
 183,
 227,
 2819,
 11497,
 8983,
 2885,
 3915,
 421,
 127,
 1329,
 159,
 4207,
 1361,
 107,
 283,
 215,
 2505,
 477,
 75,
 24651,
 11561,
 5259,
 559,
 31913,
 6105,
 40425,
 227,
 8577,
 2805,
 24153,
 14949,
 9823,
 8477,
 47391,
 58023,
 3449,
 728865,
 13211,
 181,
 1477317,
 3188049,
 324349,
 100455,
 26475,
 759,
 11633,
 453039,
 90315,
 181019,
 339,
 135979,
 2275,
 227637,
 10111,
 382163,
 119,
 459,
 1138289,
 37315,
 4665,
 42000003,
 279153,
 50609,
 105021,
 127443,
 2008563,
 237029,
 601437,
 93505,
 8684829,
 214075,
 382617,
 389767,
 1981593,
 92641,
 42000003,
 19065,
 42000003,
 475163,
 4392025,
 577515,
 42000001,
 42000003,
 5045747,
 19942885,
 42000001,
 42000001,
 42000001,
 2000373,
 2374625,
 42000001,
 42000001,
 42000003,
 42000003,
 42000001,
 40408729,
 3973279,
 1123157,
 27368257,
 42000003,
 3842383]
