[0.10537815093994141,
 0.0057392120361328125,
 0.0029780864715576172,
 0.0074560642242431641,
 0.0078501701354980469,
 0.0059340000152587891,
 0.011022090911865234,
 0.0031530857086181641,
 0.0096747875213623047,
 0.0026340484619140625,
 0.16494297981262207,
 0.13022089004516602,
 0.026389122009277344,
 0.055626869201660156,
 0.01105499267578125,
 0.017541885375976562,
 0.025182962417602539,
 0.0056490898132324219,
 0.066115856170654297,
 0.013695955276489258,
 0.024578094482421875,
 0.0096487998962402344,
 2.3115839958190918,
 0.0051090717315673828,
 0.16774511337280273,
 0.0078589916229248047,
 0.018126964569091797,
 0.0032861232757568359,
 0.0042619705200195312,
 2.4312810897827148,
 0.0080678462982177734,
 0.75504207611083984,
 0.005184173583984375,
 0.01140594482421875,
 0.0085458755493164062,
 0.0050420761108398438,
 0.0073201656341552734,
 0.018187046051025391,
 0.0046660900115966797,
 0.13990497589111328,
 0.066663026809692383,
 0.021697998046875,
 0.0086579322814941406,
 0.26959013938903809,
 0.13025093078613281,
 0.034622907638549805,
 17.673917055130005,
 3.4748599529266357,
 0.63350391387939453,
 0.020875930786132812,
 0.015532016754150391,
 0.0058410167694091797,
 64.386260986328125,
 0.06112980842590332,
 0.059313058853149414,
 0.011780023574829102,
 0.58155202865600586,
 0.01101994514465332,
 0.4430229663848877,
 21.030917882919312,
 0.02630305290222168,
 0.09502100944519043,
 0.72057700157165527,
 0.11430096626281738,
 4.2998428344726562,
 0.11278295516967773,
 0.032422065734863281,
 0.011140108108520508,
 0.021939992904663086,
 0.013885974884033203,
 0.19814586639404297,
 5.5557460784912109,
 0.014408111572265625,
 0.01790308952331543,
 0.0083439350128173828,
 0.38853311538696289,
 0.12357401847839355,
 0.074398040771484375,
 0.082943916320800781,
 0.0071990489959716797,
 0.071913003921508789,
 88.088221073150635,
 0.22984099388122559,
 0.030793905258178711,
 4.6436161994934082,
 0.022620916366577148,
 0.076919078826904297,
 2.0341668128967285,
 0.0077149868011474609,
 6.7743520736694336,
 0.24568700790405273,
 0.014544963836669922,
 0.024186849594116211,
 0.09516596794128418,
 0.096669197082519531,
 0.05125117301940918,
 0.36471796035766602,
 5.6569828987121582,
 0.019886016845703125,
 0.14388585090637207,
 35.322767019271851,
 0.046838998794555664,
 0.33524990081787109,
 0.11283302307128906,
 0.7817530632019043,
 0.83794689178466797,
 4.8005270957946777,
 0.84284591674804688,
 0.14682221412658691,
 0.25301790237426758,
 4.96993088722229,
 2.9810807704925537,
 0.023325920104980469,
 6.2080929279327393,
 0.069398880004882812,
 0.63045215606689453,
 0.017885923385620117,
 0.64559316635131836,
 2.1830430030822754,
 0.89840793609619141,
 0.81455779075622559,
 4.7268030643463135,
 88.456233978271484,
 86.401356935501099,
 11.457446098327637,
 10.750916957855225,
 2.3818979263305664,
 2.7476069927215576,
 43.253734827041626,
 0.19246006011962891,
 0.11366796493530273,
 28.515377044677734,
 400.31742787361145,
 22.74446702003479,
 0.1828761100769043,
 1.48661208152771,
 2.1842069625854492,
 21.104444980621338,
 7.4403669834136963,
 74.645110130310059]
