[0.043097734451293945,
 0.0024492740631103516,
 0.0013844966888427734,
 0.0034017562866210938,
 0.003570556640625,
 0.0025095939636230469,
 0.0050799846649169922,
 0.0014395713806152344,
 0.0043818950653076172,
 0.0011541843414306641,
 0.076166868209838867,
 0.060734987258911133,
 0.012145280838012695,
 0.025474309921264648,
 0.0050952434539794922,
 0.0077545642852783203,
 0.011298179626464844,
 0.0024847984313964844,
 0.030484199523925781,
 0.0062952041625976562,
 0.016129493713378906,
 0.00447845458984375,
 1.1088674068450928,
 0.0023226737976074219,
 0.077485084533691406,
 0.0034399032592773438,
 0.0079386234283447266,
 0.0016779899597167969,
 0.00183868408203125,
 1.1652514934539795,
 0.0036258697509765625,
 0.36278152465820312,
 0.002353668212890625,
 0.0051069259643554688,
 0.0037870407104492188,
 0.0022530555725097656,
 0.0031838417053222656,
 0.0077567100524902344,
 0.0020959377288818359,
 0.068602323532104492,
 0.028216123580932617,
 0.0099215507507324219,
 0.0038590431213378906,
 0.11951231956481934,
 0.062436580657958984,
 0.015032052993774414,
 8.7473297119140625,
 1.7363700866699219,
 0.27804875373840332,
 0.0089609622955322266,
 0.0073342323303222656,
 0.0026364326477050781,
 32.827865123748779,
 0.030903100967407227,
 0.024498939514160156,
 0.0050554275512695312,
 0.28345966339111328,
 0.0049564838409423828,
 0.21988582611083984,
 10.608477354049683,
 0.016655683517456055,
 0.046883583068847656,
 0.29816293716430664,
 0.048781394958496094,
 2.2680027484893799,
 0.04975581169128418,
 0.014772176742553711,
 0.0052409172058105469,
 0.0098330974578857422,
 0.0063488483428955078,
 0.086955547332763672,
 2.3480067253112793,
 0.0067083835601806641,
 0.0082697868347167969,
 0.0038461685180664062,
 0.2051541805267334,
 0.057880163192749023,
 0.033048629760742188,
 0.035514593124389648,
 0.0032770633697509766,
 0.035135746002197266,
 39.319438457489014,
 0.097537040710449219,
 0.013506889343261719,
 2.1393454074859619,
 0.010150671005249023,
 0.03691554069519043,
 0.88285565376281738,
 0.0036563873291015625,
 3.1890416145324707,
 0.1025545597076416,
 0.0070192813873291016,
 0.010907649993896484,
 0.042464733123779297,
 0.042483329772949219,
 0.024003267288208008,
 0.16330265998840332,
 2.473273754119873,
 0.0095610618591308594,
 0.062044382095336914,
 15.844856739044189,
 0.020558834075927734,
 0.14454412460327148,
 0.049842596054077148,
 0.31868958473205566,
 0.34706282615661621,
 2.0875771045684814,
 0.37085151672363281,
 0.062048435211181641,
 0.1147613525390625,
 2.2463536262512207,
 1.251328706741333,
 0.011075019836425781,
 2.6665668487548828,
 0.033628940582275391,
 0.26481175422668457,
 0.0083258152008056641,
 0.3165285587310791,
 1.013547420501709,
 0.38637161254882812,
 0.37659096717834473,
 2.331350564956665,
 36.445308446884155,
 41.59138011932373,
 5.4068520069122314,
 4.5057966709136963,
 1.2852733135223389,
 1.3571109771728516,
 19.598545789718628,
 0.087604999542236328,
 0.053418159484863281,
 11.820338726043701,
 180.74796390533447,
 9.962160587310791,
 0.088950872421264648,
 0.67022275924682617,
 0.92279577255249023,
 9.1145436763763428,
 3.8003480434417725,
 36.598684310913086]
