[14,
 11,
 5,
 7,
 8,
 15,
 7,
 8,
 11,
 15,
 14,
 11,
 14,
 11,
 12,
 11,
 11,
 15,
 11,
 14,
 23,
 8,
 17,
 19,
 15,
 20,
 19,
 5,
 22,
 16,
 23,
 18,
 19,
 23,
 18,
 23,
 17,
 15,
 23,
 14,
 27,
 23,
 27,
 17,
 24,
 21,
 20,
 24,
 26,
 31,
 25,
 34,
 16,
 11,
 31,
 30,
 24,
 28,
 24,
 24,
 21,
 27,
 30,
 35,
 27,
 35,
 30,
 33,
 39,
 42,
 42,
 30,
 39,
 42,
 32,
 25,
 23,
 21,
 35,
 47,
 35,
 31,
 37,
 54,
 34,
 45,
 30,
 31,
 31,
 39,
 43,
 39,
 43,
 59,
 54,
 27,
 39,
 46,
 35,
 55,
 54,
 63,
 47,
 55,
 57,
 56,
 51,
 53,
 54,
 66,
 43,
 70,
 48,
 42,
 31,
 59,
 50,
 44,
 30,
 41,
 75,
 58,
 79,
 55,
 66,
 74,
 58,
 42,
 74,
 63,
 63,
 70,
 59,
 63,
 55,
 91,
 79,
 66,
 51,
 50]
