[10,
 9,
 5,
 7,
 8,
 11,
 7,
 7,
 9,
 9,
 10,
 9,
 10,
 10,
 9,
 9,
 9,
 10,
 9,
 10,
 13,
 8,
 12,
 12,
 13,
 13,
 13,
 5,
 12,
 13,
 13,
 13,
 12,
 12,
 13,
 13,
 12,
 11,
 13,
 11,
 17,
 12,
 15,
 15,
 16,
 13,
 14,
 16,
 16,
 16,
 13,
 16,
 13,
 10,
 14,
 16,
 15,
 14,
 16,
 15,
 15,
 15,
 17,
 16,
 16,
 16,
 17,
 19,
 21,
 20,
 19,
 19,
 18,
 17,
 19,
 16,
 16,
 16,
 18,
 20,
 21,
 20,
 18,
 24,
 20,
 22,
 19,
 18,
 14,
 19,
 21,
 17,
 21,
 24,
 22,
 18,
 20,
 24,
 19,
 23,
 27,
 28,
 25,
 25,
 22,
 25,
 23,
 26,
 23,
 28,
 23,
 25,
 26,
 22,
 20,
 26,
 25,
 23,
 18,
 22,
 29,
 24,
 28,
 27,
 26,
 28,
 27,
 25,
 27,
 29,
 28,
 25,
 28,
 28,
 27,
 32,
 34,
 27,
 26,
 27]
