[360,
 360,
 276,
 351,
 356,
 360,
 345,
 340,
 360,
 360,
 360,
 359,
 360,
 360,
 359,
 360,
 359,
 360,
 360,
 360,
 2520,
 2253,
 2519,
 2510,
 2520,
 2520,
 2520,
 1476,
 2520,
 2520,
 2520,
 2519,
 2519,
 2520,
 2520,
 2520,
 2519,
 2505,
 2520,
 2503,
 20160,
 19536,
 20159,
 20160,
 20124,
 19945,
 20150,
 20159,
 20159,
 20160,
 19978,
 20160,
 19932,
 17731,
 20153,
 20159,
 20111,
 20103,
 20160,
 20157,
 179037,
 179508,
 181295,
 180730,
 180578,
 181062,
 181397,
 181342,
 181301,
 181215,
 181440,
 181409,
 181375,
 181425,
 181430,
 180843,
 179277,
 181063,
 181435,
 181437,
 1813039,
 1811229]
