[0.074430942535400391,
 0.07238316535949707,
 0.040088891983032227,
 0.064293861389160156,
 0.068328142166137695,
 0.073003053665161133,
 0.061865806579589844,
 0.061094045639038086,
 0.071259021759033203,
 0.071273088455200195,
 0.072719097137451172,
 0.070934057235717773,
 0.07276606559753418,
 0.073585987091064453,
 0.070617198944091797,
 0.071508169174194336,
 0.070879936218261719,
 0.072238922119140625,
 0.071297883987426758,
 0.071883916854858398,
 0.72194004058837891,
 0.52349996566772461,
 0.72618198394775391,
 0.6936490535736084,
 0.73419904708862305,
 0.71945500373840332,
 0.71929717063903809,
 0.26392316818237305,
 0.71775484085083008,
 0.74115991592407227,
 0.73165297508239746,
 0.71958613395690918,
 0.71967220306396484,
 0.71799492835998535,
 0.72221112251281738,
 0.73668313026428223,
 0.70806407928466797,
 0.70084214210510254,
 0.72040700912475586,
 0.69928288459777832,
 11.845546960830688,
 10.012035846710205,
 11.795414924621582,
 11.587181091308594,
 11.223786115646362,
 10.689285039901733,
 11.40437388420105,
 11.5921471118927,
 11.638197183609009,
 11.607887983322144,
 11.028589010238647,
 11.836528062820435,
 10.629483938217163,
 8.2464599609375,
 11.647871971130371,
 11.55708384513855,
 11.180707931518555,
 11.279217958450317,
 11.981367111206055,
 11.680222034454346,
 385.72940802574158,
 399.8868420124054,
 436.71961283683777,
 416.5305769443512,
 417.38520002365112,
 425.87870383262634,
 445.79551482200623,
 441.6635730266571,
 441.02686095237732,
 432.1012020111084,
 457.19976902008057,
 446.24459505081177,
 442.81722497940063,
 447.94685411453247,
 444.12252712249756,
 417.50978684425354,
 390.53790807723999,
 424.82096600532532,
 451.73655891418457,
 447.9613790512085,
 26685.708704948425,
 26400.51898598671]
