[114,
 31,
 15,
 46,
 71,
 194,
 36,
 36,
 53,
 52,
 153,
 19,
 113,
 92,
 99,
 31,
 35,
 94,
 27,
 21,
 599,
 75,
 271,
 107,
 591,
 680,
 726,
 13,
 777,
 549,
 748,
 517,
 382,
 303,
 787,
 723,
 228,
 429,
 278,
 39,
 4737,
 1335,
 2811,
 2060,
 1183,
 63,
 888,
 2645,
 4027,
 2653,
 1179,
 2247,
 275,
 325,
 601,
 2971,
 1109,
 1027,
 3840,
 2519,
 1956,
 10676,
 4249,
 5148,
 6371,
 1972,
 8580,
 28834,
 7166,
 2960,
 17577,
 12044,
 10306,
 14776,
 8699,
 1869,
 11597,
 4177,
 20774,
 14228,
 37033,
 40760,
 75271,
 128260,
 81155,
 74463,
 48953,
 87101,
 5546,
 16586,
 101730,
 43139,
 64257,
 135802,
 163906,
 11598,
 33324,
 69425,
 5362,
 78454,
 748428,
 41742,
 289484,
 898468,
 393007,
 358253]
