[0.039641618728637695,
 0.001760244369506836,
 0.0013041496276855469,
 0.002955913543701172,
 0.0030431747436523438,
 0.0013926029205322266,
 0.0038912296295166016,
 0.001195669174194336,
 0.005516529083251953,
 0.0008835792541503906,
 0.06356143951416016,
 0.05243730545043945,
 0.012899398803710938,
 0.02818465232849121,
 0.004841327667236328,
 0.008142232894897461,
 0.011155843734741211,
 0.0015249252319335938,
 0.030326128005981445,
 0.004789113998413086,
 0.005300998687744141,
 0.003392457962036133,
 0.9048583507537842,
 0.0015845298767089844,
 0.059757232666015625,
 0.0027709007263183594,
 0.006117343902587891,
 0.0013806819915771484,
 0.0013625621795654297,
 1.0270380973815918,
 0.002568483352661133,
 0.31868815422058105,
 0.0018491744995117188,
 0.0042803287506103516,
 0.002844095230102539,
 0.0016040802001953125,
 0.0021092891693115234,
 0.0063991546630859375,
 0.0018639564514160156,
 0.06271624565124512,
 0.021458148956298828,
 0.007000446319580078,
 0.00290679931640625,
 0.09868478775024414,
 0.05758261680603027,
 0.012653112411499023,
 7.776250839233398,
 1.566633701324463,
 0.20437383651733398,
 0.007937431335449219,
 0.0061604976654052734,
 0.0027472972869873047,
 31.40254306793213,
 0.0359196662902832,
 0.0229184627532959,
 0.004111051559448242,
 0.26320314407348633,
 0.004213809967041016,
 0.21973729133605957,
 10.051393270492554,
 0.0051784515380859375,
 0.02822589874267578,
 0.21587705612182617,
 0.039281368255615234,
 2.300384283065796,
 0.04110360145568848,
 0.013140678405761719,
 0.00441741943359375,
 0.012303352355957031,
 0.007788658142089844,
 0.07349419593811035,
 1.8297662734985352,
 0.005816459655761719,
 0.0055637359619140625,
 0.002712249755859375,
 0.186309814453125,
 0.05212903022766113,
 0.029785633087158203,
 0.030019283294677734,
 0.002994060516357422,
 0.015588521957397461,
 30.42031741142273,
 0.06825757026672363,
 0.010470867156982422,
 1.7038516998291016,
 0.007807731628417969,
 0.030353784561157227,
 0.6317291259765625,
 0.0028498172760009766,
 2.6586649417877197,
 0.07771158218383789,
 0.006019115447998047,
 0.008994340896606445,
 0.03489565849304199,
 0.03640866279602051,
 0.01807546615600586,
 0.12210249900817871,
 1.91318941116333,
 0.00864720344543457,
 0.05462193489074707,
 12.282698154449463,
 0.020631074905395508,
 0.0987851619720459,
 0.03923773765563965,
 0.22787094116210938,
 0.2575554847717285,
 1.5993597507476807,
 0.2948458194732666,
 0.04799962043762207,
 0.10598301887512207,
 1.7349226474761963,
 1.0073704719543457,
 0.00976419448852539,
 1.9860177040100098,
 0.030276775360107422,
 0.201904296875,
 0.008429288864135742,
 0.28969287872314453,
 0.8053815364837646,
 0.2873237133026123,
 0.3037998676300049,
 2.006326198577881,
 24.84650158882141,
 34.756995677948,
 4.58834981918335,
 3.2428386211395264,
 1.3951220512390137,
 1.2572863101959229,
 16.770301818847656,
 0.07834529876708984,
 0.06300067901611328,
 10.164112567901611,
 157.13355946540833,
 9.90200924873352,
 0.09842801094055176,
 0.7258200645446777,
 0.890913724899292,
 9.093199014663696,
 4.13183856010437,
 34.71896934509277]
