[0.012394428253173828,
 0.0041110515594482422,
 0.00077390670776367188,
 0.0031709671020507812,
 0.0063717365264892578,
 0.017782926559448242,
 0.0026240348815917969,
 0.00081372261047363281,
 0.0033233165740966797,
 0.00068020820617675781,
 0.010572671890258789,
 0.017597436904907227,
 0.0091736316680908203,
 0.02708125114440918,
 0.0025131702423095703,
 0.010771036148071289,
 0.0077977180480957031,
 0.011799335479736328,
 0.015416145324707031,
 0.003360748291015625,
 0.0067970752716064453,
 0.0075364112854003906,
 0.083626747131347656,
 0.015822172164916992,
 0.62584543228149414,
 0.015973567962646484,
 0.093378782272338867,
 0.00084519386291503906,
 0.0072607994079589844,
 0.089904546737670898,
 0.0032048225402832031,
 0.033307075500488281,
 0.0083014965057373047,
 0.0029094219207763672,
 0.043329715728759766,
 0.0012521743774414062,
 0.018080234527587891,
 0.026188135147094727,
 0.0032293796539306641,
 0.020139694213867188,
 0.69861483573913574,
 0.0052726268768310547,
 0.028458595275878906,
 2.8466260433197021,
 0.078787326812744141,
 0.00431060791015625,
 0.58956623077392578,
 0.2047569751739502,
 0.5849611759185791,
 0.14450836181640625,
 0.0048766136169433594,
 0.00078988075256347656,
 1.5858356952667236,
 0.036627769470214844,
 0.2426145076751709,
 0.020405769348144531,
 0.082751035690307617,
 0.01521611213684082,
 0.085323333740234375,
 0.59228825569152832,
 0.10660505294799805,
 0.038094043731689453,
 0.73731446266174316,
 1.457087516784668,
 0.58493328094482422,
 0.7112584114074707,
 0.11365079879760742,
 0.032485485076904297,
 0.16955351829528809,
 0.16461730003356934,
 0.73200845718383789,
 6.681344747543335,
 0.26914119720458984,
 0.029672861099243164,
 0.064181089401245117,
 0.057681560516357422,
 1.3661623001098633,
 2.3365581035614014,
 0.79345822334289551,
 0.0040638446807861328,
 1.1100895404815674,
 7.5350115299224854,
 0.10094141960144043,
 0.6003715991973877,
 0.60163664817810059,
 0.18189597129821777,
 0.40239882469177246,
 3.398134708404541,
 0.0022525787353515625,
 11.433586597442627,
 7.9593560695648193,
 1.1082179546356201,
 7.7258737087249756,
 32.129573345184326,
 3.4493007659912109,
 0.1562502384185791,
 9.0228233337402344,
 217.8433256149292,
 5.7100780010223389,
 10.219501733779907,
 234.68363094329834,
 37.727662324905396,
 223.48931384086609,
 10.034271478652954,
 9.4354708194732666,
 2.0783812999725342,
 101.40187764167786,
 191.10331892967224,
 0.050572872161865234,
 118.65360569953918,
 5.9845471382141113,
 204.98630976676941,
 1.87158203125,
 3.6189067363739014,
 4.2921063899993896,
 212.41264414787292,
 0.57843995094299316,
 11.416274309158325,
 2.5950191020965576,
 0.82995700836181641,
 53.996854305267334,
 256.11482429504395,
 202.94322276115417,
 245.16897869110107,
 226.72575807571411,
 208.75522136688232,
 2.7308831214904785,
 60.458764791488647,
 222.14535188674927,
 0.23053717613220215,
 232.74565005302429,
 211.49422526359558,
 225.70938110351562,
 219.18112301826477,
 234.87139129638672,
 207.12835311889648,
 211.74894690513611,
 218.7206814289093,
 256.3873815536499,
 233.52039551734924]
