[0.027456998825073242,
 0.0093457698822021484,
 0.0016529560089111328,
 0.0069930553436279297,
 0.014103889465332031,
 0.041334867477416992,
 0.0056359767913818359,
 0.0018010139465332031,
 0.0075299739837646484,
 0.0016200542449951172,
 0.022762060165405273,
 0.03759002685546875,
 0.020009994506835938,
 0.059820175170898438,
 0.0054759979248046875,
 0.024062156677246094,
 0.017318964004516602,
 0.027615070343017578,
 0.033683061599731445,
 0.0073800086975097656,
 0.016250133514404297,
 0.015435934066772461,
 0.17185091972351074,
 0.035016059875488281,
 1.3449239730834961,
 0.036893129348754883,
 0.20865893363952637,
 0.0017118453979492188,
 0.016792058944702148,
 0.183135986328125,
 0.0076351165771484375,
 0.068816900253295898,
 0.018201112747192383,
 0.0069699287414550781,
 0.091609954833984375,
 0.00286102294921875,
 0.040827035903930664,
 0.057435989379882812,
 0.0074939727783203125,
 0.040329933166503906,
 1.5574049949645996,
 0.012198925018310547,
 0.06711888313293457,
 5.8942670822143555,
 0.16525602340698242,
 0.0096249580383300781,
 1.1723198890686035,
 0.40653204917907715,
 1.3526179790496826,
 0.34309601783752441,
 0.010815143585205078,
 0.0017240047454833984,
 3.0716960430145264,
 0.071794033050537109,
 0.57055187225341797,
 0.047643899917602539,
 0.16178679466247559,
 0.036264896392822266,
 0.17312288284301758,
 1.1417250633239746,
 0.21685504913330078,
 0.083660125732421875,
 1.7046349048614502,
 3.390855073928833,
 1.0862338542938232,
 1.6960492134094238,
 0.2527618408203125,
 0.079293012619018555,
 0.38786911964416504,
 0.37849712371826172,
 1.7523880004882812,
 12.907870054244995,
 0.61396503448486328,
 0.068986892700195312,
 0.12493991851806641,
 0.11808896064758301,
 2.7329180240631104,
 4.7035701274871826,
 1.8758318424224854,
 0.0092520713806152344,
 2.3582901954650879,
 14.797295093536377,
 0.24023699760437012,
 1.3948071002960205,
 1.3803050518035889,
 0.42809295654296875,
 0.76412320137023926,
 7.300961971282959,
 0.0047991275787353516,
 25.964002132415771,
 19.157916069030762,
 2.4509007930755615,
 18.010745048522949,
 75.70150899887085,
 8.2889678478240967,
 0.30709600448608398,
 20.255309104919434,
 511.93224596977234,
 12.78731107711792,
 24.400860071182251,
 525.77732610702515,
 86.095694065093994,
 519.14169383049011,
 22.953651905059814,
 22.972240924835205,
 4.9168159961700439,
 240.83404493331909,
 440.52792716026306,
 0.1209111213684082,
 265.65788006782532,
 13.549908876419067,
 499.79010796546936,
 4.1368439197540283,
 8.2130820751190186,
 8.49127197265625,
 504.09875392913818,
 1.1970200538635254,
 25.575453996658325,
 5.3954980373382568,
 1.8550660610198975,
 127.60709118843079,
 541.6917359828949,
 496.49143004417419,
 532.71632695198059,
 516.02851486206055,
 501.71215605735779,
 5.6822681427001953,
 118.49540400505066,
 510.34331393241882,
 0.55251789093017578,
 520.47694396972656,
 503.86661696434021,
 513.86308479309082,
 507.30821990966797,
 523.13301301002502,
 500.62669920921326,
 501.49844598770142,
 511.29005002975464,
 542.42811799049377,
 522.4147961139679]
