[0.0025920867919921875,
 0.0034511089324951172,
 0.0007419586181640625,
 0.0018379688262939453,
 0.0033221244812011719,
 0.009777069091796875,
 0.0014519691467285156,
 0.0010740756988525391,
 0.0019018650054931641,
 0.0014657974243164062,
 0.0041401386260986328,
 0.0038568973541259766,
 0.0071511268615722656,
 0.0062270164489746094,
 0.0017311573028564453,
 0.0037128925323486328,
 0.0046999454498291016,
 0.0062630176544189453,
 0.0060751438140869141,
 0.0021932125091552734,
 0.028587102890014648,
 0.0032260417938232422,
 0.0064110755920410156,
 0.010571002960205078,
 0.053889036178588867,
 0.024281978607177734,
 0.034065008163452148,
 0.00063395500183105469,
 0.012089967727661133,
 0.036401987075805664,
 0.0099360942840576172,
 0.0090692043304443359,
 0.0079989433288574219,
 0.0033090114593505859,
 0.012603998184204102,
 0.0020380020141601562,
 0.014669895172119141,
 0.013934135437011719,
 0.054378032684326172,
 0.0058422088623046875,
 0.34076714515686035,
 0.0055589675903320312,
 0.0043408870697021484,
 0.11600399017333984,
 0.092689037322998047,
 0.0076410770416259766,
 0.016705989837646484,
 0.020090103149414062,
 0.098248958587646484,
 0.1222989559173584,
 0.014173984527587891,
 0.0087399482727050781,
 0.030752897262573242,
 0.010534048080444336,
 0.16679096221923828,
 0.086292028427124023,
 0.015062808990478516,
 0.010481834411621094,
 0.029226779937744141,
 0.014729022979736328,
 0.086213111877441406,
 0.024098873138427734,
 0.41269516944885254,
 0.019801139831542969,
 0.038852930068969727,
 0.10664701461791992,
 0.17970800399780273,
 0.23276495933532715,
 0.32505393028259277,
 1.3714988231658936,
 0.1006929874420166,
 0.14133310317993164,
 0.022480964660644531,
 0.26227712631225586,
 0.025330781936645508,
 0.063736200332641602,
 0.17203402519226074,
 0.41468501091003418,
 0.55304598808288574,
 0.033917903900146484,
 0.15836000442504883,
 2.3155789375305176,
 0.010972976684570312,
 1.4079971313476562,
 3.992743968963623,
 0.23526501655578613,
 0.60967779159545898,
 1.2416479587554932,
 0.0040299892425537109,
 0.47916007041931152,
 0.46143102645874023,
 0.018023014068603516,
 0.33034610748291016,
 1.1992001533508301,
 0.3381190299987793,
 1.0401530265808105,
 3.9398541450500488,
 0.62412714958190918,
 0.044450998306274414,
 0.52073287963867188,
 80.890588998794556,
 14.347141027450562,
 8.9087879657745361,
 32.757312059402466,
 3.6059818267822266,
 0.38224101066589355,
 20.226463079452515,
 19.295515060424805,
 4.6210620403289795,
 7.4449710845947266,
 1.0471699237823486,
 109.21789002418518,
 20.209201097488403,
 5.027055025100708,
 1.0384237766265869,
 12.351748943328857,
 0.088369131088256836,
 6.2017769813537598,
 0.26496410369873047,
 0.15366315841674805,
 5.8192369937896729,
 24.574951887130737,
 452.22304391860962,
 1521.9521470069885,
 1.0139288902282715,
 6.440723180770874,
 4.2481632232666016,
 14.675249814987183,
 382.94203090667725,
 0.64084100723266602,
 3.5733489990234375,
 16.806875944137573,
 2.7470958232879639,
 40.147576093673706,
 46.351583957672119,
 1294.3531260490417,
 97.993310928344727,
 35.533667087554932,
 0.45106911659240723,
 1681.7939140796661]
