[40,
 27,
 15,
 36,
 27,
 41,
 31,
 29,
 49,
 23,
 57,
 64,
 39,
 68,
 33,
 77,
 77,
 39,
 66,
 48,
 53,
 27,
 81,
 39,
 155,
 92,
 146,
 13,
 69,
 142,
 186,
 114,
 41,
 47,
 98,
 35,
 51,
 51,
 41,
 80,
 198,
 61,
 97,
 257,
 79,
 97,
 291,
 204,
 162,
 122,
 108,
 75,
 433,
 88,
 274,
 51,
 234,
 338,
 248,
 230,
 95,
 140,
 416,
 347,
 580,
 590,
 369,
 277,
 219,
 79,
 163,
 1635,
 79,
 241,
 268,
 157,
 216,
 265,
 277,
 67,
 424,
 1110,
 103,
 1381,
 3549,
 109,
 527,
 1722,
 77,
 929,
 506,
 85,
 746,
 207,
 309,
 197,
 258,
 2110,
 134,
 548,
 629,
 99,
 1401,
 312,
 797,
 149,
 585,
 782,
 174,
 160,
 458,
 3373,
 466,
 337,
 1191,
 402,
 410,
 349,
 985,
 1010,
 2432,
 4155,
 17550,
 9884,
 103,
 5489,
 299,
 1637,
 5232,
 3397,
 454,
 10028,
 3832,
 366,
 1602,
 13322,
 3297,
 1026,
 1406,
 6536]
