[40,
 62,
 15,
 33,
 61,
 151,
 29,
 19,
 35,
 25,
 68,
 68,
 96,
 96,
 33,
 65,
 79,
 103,
 100,
 40,
 409,
 58,
 112,
 165,
 661,
 339,
 465,
 13,
 190,
 483,
 152,
 140,
 127,
 53,
 183,
 35,
 230,
 230,
 694,
 96,
 3384,
 95,
 75,
 1433,
 1051,
 129,
 252,
 302,
 1248,
 1521,
 218,
 139,
 448,
 168,
 1903,
 1158,
 233,
 150,
 427,
 223,
 1224,
 363,
 3952,
 299,
 556,
 1387,
 2326,
 2731,
 3532,
 10180,
 1249,
 1777,
 347,
 2584,
 404,
 894,
 2193,
 4861,
 5254,
 483,
 2130,
 17431,
 169,
 10808,
 24671,
 2638,
 5774,
 11622,
 69,
 5225,
 4513,
 287,
 3067,
 9713,
 3177,
 10205,
 23375,
 5262,
 562,
 5124,
 143131,
 44503,
 35860,
 82479,
 15830,
 3736,
 69099,
 53223,
 25520,
 33459,
 8955,
 131166,
 69609,
 25670,
 9871,
 41515,
 1137,
 31133,
 3329,
 1974,
 26990,
 83480,
 282318,
 664868,
 8313,
 23042,
 26616,
 86100,
 287240,
 5968,
 15592,
 51079,
 16646,
 91008,
 111321,
 520719,
 146974,
 92162,
 4745,
 824257]
