[3171,
 225,
 119,
 305,
 301,
 181,
 409,
 127,
 397,
 113,
 6325,
 4785,
 1011,
 2155,
 417,
 709,
 1009,
 195,
 2425,
 511,
 601,
 317,
 78749,
 155,
 6273,
 337,
 765,
 119,
 161,
 89495,
 325,
 27433,
 205,
 467,
 359,
 197,
 277,
 789,
 201,
 4801,
 2587,
 677,
 321,
 9775,
 4287,
 1269,
 642433,
 117751,
 24879,
 839,
 615,
 219,
 2197165,
 2199,
 2513,
 487,
 18523,
 463,
 16103,
 715349,
 477,
 3053,
 29297,
 4995,
 150215,
 4697,
 1325,
 451,
 897,
 547,
 8303,
 228179,
 575,
 591,
 285,
 12667,
 5209,
 3189,
 3661,
 305,
 1773,
 3486947,
 9449,
 1307,
 177245,
 895,
 2875,
 79509,
 255,
 256303,
 10391,
 555,
 909,
 3737,
 3579,
 1799,
 14591,
 229843,
 779,
 5919,
 1413561,
 1843,
 13653,
 4685,
 32845,
 35545,
 194825,
 35823,
 6389,
 10745,
 189283,
 128383,
 981,
 251789,
 2737,
 25977,
 697,
 24365,
 84783,
 36407,
 31683,
 169259,
 3673673,
 3239047,
 457597,
 446099,
 79041,
 101925,
 1716477,
 7961,
 4689,
 1184513,
 16121547,
 952921,
 7013,
 61973,
 91083,
 864199,
 266739,
 2841119]
