[0.12364435195922852,
 0.0096681118011474609,
 0.00071001052856445312,
 0.0019669532775878906,
 0.013271331787109375,
 0.22889471054077148,
 0.0021414756774902344,
 0.0034003257751464844,
 0.011366605758666992,
 0.0085806846618652344,
 0.14515423774719238,
 0.014235258102416992,
 0.057430028915405273,
 0.12466168403625488,
 0.010938644409179688,
 0.011502981185913086,
 0.0089600086212158203,
 0.059226274490356445,
 0.013340473175048828,
 0.010082483291625977,
 1.5431180000305176,
 0.014078378677368164,
 1.6833131313323975,
 0.072743892669677734,
 3.6727187633514404,
 0.23956584930419922,
 1.182830810546875,
 0.00066089630126953125,
 0.22892951965332031,
 2.14752197265625,
 1.8647243976593018,
 1.5831372737884521,
 0.28647565841674805,
 0.20013904571533203,
 4.3766148090362549,
 1.3518424034118652,
 0.21449947357177734,
 0.25542783737182617,
 0.23044180870056152,
 0.062430858612060547,
 200.76704335212708,
 0.22353434562683105,
 8.712296724319458,
 35.290866374969482,
 2.5455863475799561,
 0.27993154525756836,
 16.935815811157227,
 21.597830057144165,
 8.6341967582702637,
 11.5656418800354,
 0.2757258415222168,
 5.8184325695037842,
 1.2185492515563965,
 0.13872909545898438,
 1.3614969253540039,
 6.4580798149108887,
 0.31234169006347656,
 0.22865056991577148,
 8.0059988498687744,
 12.382447481155396,
 2.4367504119873047,
 7.4590044021606445,
 98.043409585952759,
 6.7953016757965088,
 10.539963006973267,
 8.3611011505126953,
 177.88723874092102,
 243.37878274917603,
 220.27301335334778,
 6.1162693500518799,
 236.49972558021545,
 244.18349123001099,
 120.73818802833557,
 117.27627086639404,
 79.629642248153687,
 19.422036409378052,
 29.575238466262817,
 18.361034154891968,
 177.43122148513794,
 59.198513269424438,
 247.86898517608643,
 249.01044654846191,
 201.07840204238892,
 245.92828416824341,
 244.31861519813538,
 245.00801920890808,
 69.93481707572937,
 182.98039102554321,
 2.6256043910980225,
 61.358524560928345,
 208.40572905540466,
 52.035098075866699,
 243.87430310249329,
 247.86379408836365,
 251.26544785499573,
 50.60768461227417,
 245.76687240600586,
 250.62358164787292,
 69.059688091278076,
 253.85426425933838,
 258.50675487518311,
 255.2221405506134,
 254.94105982780457,
 260.06527090072632,
 253.62029409408569,
 255.93420553207397,
 256.86954236030579,
 255.51612257957458,
 264.2740433216095,
 252.66952633857727,
 258.68459391593933,
 253.70704340934753,
 260.26501798629761,
 259.82236814498901,
 261.0905601978302,
 253.89708781242371,
 253.27255058288574,
 257.9319953918457,
 260.93449521064758,
 263.11618685722351,
 262.72816753387451,
 257.9171838760376,
 257.84295415878296,
 263.6618173122406,
 257.59094309806824,
 263.9312002658844,
 265.88903117179871,
 268.25164890289307,
 260.29449868202209,
 265.6527361869812,
 262.8710572719574,
 261.26130223274231,
 258.69421911239624,
 265.38413906097412,
 259.92248797416687,
 259.29366874694824,
 262.59374523162842,
 266.10200452804565,
 262.54493451118469,
 262.78993105888367]
