[23041,
 1863,
 119,
 367,
 2517,
 42295,
 409,
 643,
 2201,
 1663,
 26869,
 2713,
 10645,
 23359,
 1777,
 2251,
 1745,
 11457,
 2577,
 1943,
 285707,
 2573,
 305343,
 13509,
 669695,
 44103,
 216389,
 119,
 42831,
 391299,
 340769,
 289537,
 53283,
 37429,
 802487,
 251943,
 39909,
 46431,
 42785,
 11641,
 35335451,
 39005,
 1562173,
 6293581,
 457551,
 50775,
 2997117,
 3837745,
 1575951,
 2095391,
 50279,
 1063051,
 218171,
 24597,
 247463,
 1183339,
 56187,
 42071,
 1444303,
 2147733,
 428519,
 1291887,
 17090013,
 1178521,
 1829673,
 1473041,
 30508363,
 42000003,
 38056873,
 1053317,
 42000003,
 42000001,
 20995493,
 20057915,
 13862401,
 3316893,
 4985321,
 3113373,
 31328421,
 10458613,
 42000001,
 42000001,
 33724935,
 42000005,
 42000001,
 42000001,
 11433281,
 30922743,
 441949,
 10593709,
 35606837,
 8742469,
 42000005,
 42000003,
 42000001,
 8464695,
 42000001,
 42000001,
 11632149,
 42000003,
 42000001,
 42000001,
 42000001,
 42000003,
 42000005,
 42000001,
 42000001,
 42000001,
 42000003,
 42000001,
 42000003,
 42000005,
 42000001,
 42000003,
 42000001,
 42000001,
 42000005,
 42000001,
 42000003,
 42000003,
 42000001,
 42000005,
 42000003,
 42000001,
 42000003,
 42000003,
 42000005,
 42000001,
 42000003,
 42000003,
 42000001,
 42000001,
 42000003,
 42000003,
 42000005,
 42000001,
 42000003,
 42000001,
 42000001,
 42000003]
