[10,
 9,
 5,
 7,
 8,
 11,
 7,
 7,
 9,
 9,
 10,
 9,
 10,
 10,
 9,
 9,
 9,
 10,
 9,
 9,
 13,
 8,
 12,
 11,
 13,
 12,
 13,
 5,
 12,
 12,
 13,
 12,
 12,
 12,
 13,
 13,
 12,
 11,
 12,
 11,
 16,
 12,
 15,
 15,
 14,
 13,
 14,
 15,
 15,
 15,
 13,
 15,
 13,
 10,
 14,
 15,
 13,
 13,
 15,
 14,
 15,
 15,
 17,
 16,
 16,
 16,
 17,
 0,
 17,
 16,
 0,
 0,
 17,
 17,
 17,
 16,
 15,
 16,
 18,
 17,
 0,
 0,
 18,
 0,
 0,
 0,
 17,
 18,
 14,
 18,
 19,
 17,
 0,
 0,
 0,
 15,
 0,
 0,
 18,
 0,
 0,
 0,
 0,
 0,
 0,
 0,
 0,
 0,
 0,
 0,
 0,
 0,
 0,
 0,
 0,
 0,
 0,
 0,
 0,
 0,
 0,
 0,
 0,
 0,
 0,
 0,
 0,
 0,
 0,
 0,
 0,
 0,
 0,
 0,
 0,
 0,
 0,
 0,
 0,
 0]
