[0.42476797103881836,
 0.034007072448730469,
 0.0023801326751708984,
 0.0068199634552001953,
 0.046448945999145508,
 0.7971649169921875,
 0.0074980258941650391,
 0.011787891387939453,
 0.039848804473876953,
 0.029986143112182617,
 0.50417494773864746,
 0.049654006958007812,
 0.20231389999389648,
 0.43221092224121094,
 0.03820490837097168,
 0.040258169174194336,
 0.031174898147583008,
 0.20754218101501465,
 0.046645164489746094,
 0.03510594367980957,
 5.2369310855865479,
 0.047513961791992188,
 5.6779799461364746,
 0.24620294570922852,
 12.389681100845337,
 0.81407284736633301,
 4.0051901340484619,
 0.0022380352020263672,
 0.7769620418548584,
 7.2247471809387207,
 6.3025839328765869,
 5.3353469371795654,
 0.97069478034973145,
 0.6768958568572998,
 14.716840982437134,
 4.5630300045013428,
 0.7283780574798584,
 0.8545229434967041,
 0.77953314781188965,
 0.21272993087768555,
 659.17749786376953,
 0.73138308525085449,
 28.657953977584839,
 115.79430389404297,
 8.4899828433990479,
 0.93297195434570312,
 55.40713095664978,
 71.326878070831299,
 28.618147134780884,
 38.173926830291748,
 0.91836285591125488,
 19.223747968673706,
 4.0240168571472168,
 0.45476102828979492,
 4.4873239994049072,
 21.328706026077271,
 1.0337181091308594,
 0.76292204856872559,
 26.570168972015381,
 41.128066062927246,
 7.9331340789794922,
 23.848535060882568,
 316.82482194900513,
 22.075155973434448,
 34.29602313041687,
 27.097123861312866,
 568.72389793395996,
 783.1825430393219,
 706.98047399520874,
 19.872824907302856,
 765.7115330696106,
 784.27509307861328,
 387.59335780143738,
 377.10351204872131,
 258.89741802215576,
 62.685541868209839,
 94.892877817153931,
 59.855686187744141,
 576.73858404159546,
 191.34911584854126,
 777.45666193962097,
 791.58945608139038,
 631.62666893005371,
 780.73296999931335,
 778.83953785896301,
 778.05978393554688,
 221.84697413444519,
 574.38748216629028,
 8.2062499523162842,
 195.18366694450378,
 665.65602898597717,
 163.29924297332764,
 772.7563681602478,
 783.49775099754333,
 786.85574889183044,
 158.87271904945374,
 779.98937082290649,
 794.94384384155273,
 220.70988297462463,
 796.502032995224,
 802.6028618812561,
 792.65154719352722,
 793.58127403259277,
 804.82304811477661,
 790.04322409629822,
 794.76006388664246,
 801.73357319831848,
 793.07835698127747,
 817.87008213996887,
 781.2972559928894,
 800.20526695251465,
 785.63561201095581,
 805.93484497070312,
 795.7685329914093,
 806.10772490501404,
 786.38719701766968,
 789.13072395324707,
 802.06769490242004,
 810.48981308937073,
 809.08564186096191,
 804.89813590049744,
 784.32975697517395,
 788.20090103149414,
 808.8916540145874,
 791.17013907432556,
 798.17495179176331,
 802.25359201431274,
 813.54773902893066,
 797.64765691757202,
 807.15866804122925,
 806.81579279899597,
 800.37091398239136,
 793.46218395233154,
 811.36173701286316,
 796.88452291488647,
 793.53707718849182,
 808.46104907989502,
 805.75624299049377,
 807.32914996147156,
 803.75368595123291]
