[10,
 9,
 5,
 7,
 8,
 11,
 7,
 8,
 12,
 9,
 12,
 9,
 10,
 10,
 9,
 9,
 9,
 10,
 10,
 11,
 14,
 8,
 12,
 13,
 13,
 15,
 15,
 5,
 15,
 15,
 17,
 13,
 14,
 13,
 15,
 13,
 12,
 11,
 14,
 12,
 19,
 13,
 18,
 15,
 18,
 14,
 16,
 16,
 18,
 21,
 17,
 18,
 14,
 10,
 21,
 15,
 16,
 18,
 18,
 16,
 17,
 16,
 19,
 23,
 17,
 23,
 22,
 21,
 21,
 20,
 22,
 21,
 18,
 23,
 23,
 20,
 17,
 17,
 22,
 19,
 25,
 23,
 20,
 30,
 28,
 22,
 21,
 19,
 18,
 27,
 27,
 19,
 27,
 25,
 25,
 18,
 23,
 30,
 22,
 27,
 31,
 26,
 32,
 25,
 29,
 24,
 29,
 30,
 24,
 29,
 25,
 34,
 27,
 27,
 24,
 29,
 26,
 28,
 23,
 26,
 37,
 36,
 38,
 35,
 27,
 36,
 28,
 29,
 35,
 36,
 31,
 36,
 37,
 34,
 35,
 35,
 37,
 30,
 35,
 34]
