[10,
 9,
 5,
 7,
 8,
 11,
 7,
 7,
 9,
 9,
 10,
 9,
 10,
 10,
 9,
 9,
 9,
 10,
 9,
 10,
 13,
 8,
 12,
 12,
 13,
 12,
 13,
 5,
 13,
 12,
 13,
 13,
 12,
 13,
 13,
 13,
 12,
 11,
 13,
 11,
 16,
 13,
 15,
 15,
 16,
 13,
 14,
 16,
 16,
 17,
 15,
 18,
 13,
 10,
 17,
 17,
 16,
 16,
 16,
 16,
 15,
 15,
 17,
 19,
 18,
 19,
 17,
 19,
 21,
 23,
 23,
 19,
 21,
 23,
 19,
 16,
 16,
 16,
 19,
 25,
 21,
 19,
 21,
 29,
 19,
 25,
 19,
 18,
 17,
 21,
 23,
 21,
 23,
 31,
 29,
 16,
 21,
 0,
 20,
 29,
 0,
 33,
 0,
 29,
 31,
 30,
 27,
 29,
 29,
 35,
 23,
 0,
 26,
 23,
 20,
 0,
 28,
 24,
 19,
 23,
 39,
 0,
 0,
 0,
 0,
 0,
 31,
 25,
 0,
 34,
 0,
 0,
 0,
 0,
 0,
 0,
 0,
 0,
 0,
 0]
